{
  "type":"dense",
  "nrows":3,
  "ncols":7,
  "datalength":21,
  "enforceDenseMode":0,
  "data":[0.840188, 0.394383, 0.783099, 0.79844, 0.911647, 0.197551, 0.335223, 0.76823, 0.277775, 0.55397, 0.477397, 0.628871, 0.364784, 0.513401, 0.95223, 0.916195, 0.635712, 0.717297, 0.141603, 0.606969, 0.0163006]
}