{
  "type":"lower",
  "nrows":5,
  "ncols":5,
  "datalength":15,
  "enforceDenseMode":0,
  "data":[0.242887, 0.137232, 0.804177, 0.156679, 0.400944, 0.12979, 0.108809, 0.998924, 0.218257, 0.512932, 0.839112, 0.61264, 0.296032, 0.637552, 0.524287]
}