{
  "type":"sparse",
  "nrows":20,
  "ncols":20,
  "nnz":12,
  "enforceDenseMode":0,
  "data":[[1, 0, 0.198195], [5, 9, 0.879648], [6, 9, 0.0297674], [6, 17, 0.754425], [8, 0, 0.526149], [8, 8, 0.921129], [11, 0, 0.0545794], [12, 18, 0.982654], [15, 3, 0.28639], [16, 0, 0.90882], [17, 14, 0.456587], [18, 1, 0.358613]]
}