{
  "type":"sparse",
  "nrows":20,
  "ncols":20,
  "nnz":12,
  "enforceDenseMode":0,
  "data":[[1, 2, 0.627168], [1, 5, 0.747315], [2, 0, 0.959333], [3, 5, 0.489747], [4, 11, 0.295193], [5, 11, 0.311294], [6, 7, 0.904571], [8, 3, 0.482375], [9, 9, 0.229623], [10, 18, 0.738305], [17, 16, 0.664874], [19, 2, 0.119153]]
}