{
  "type":"symmetric",
  "nrows":5,
  "ncols":5,
  "datalength":15,
  "enforceDenseMode":0,
  "data":[0.493583, 0.972775, 0.292517, 0.771358, 0.526745, 0.769914, 0.400229, 0.891529, 0.283315, 0.352458, 0.807725, 0.919026, 0.0697553, 0.949327, 0.525995]
}